{'m_x': 0.5599579052657031,
 'b_x': -0.014550787265756898,
 'sigma_x': 16.559508318550947,
 'mu_x': -9.121242491578879e-15,
 'm_y': 0.01917100896305481,
 'b_y': 42.45987828836007,
 'sigma_y': 14.798516077987014,
 'mu_y': -3.4553105977064795e-13,
 'm_z': 0.021368451383197165,
 'b_z': -277.5922413147715,
 'sigma_z': 1.608809272684061,
 'mu_z': 2.780240677405443e-13}